>>> Group: Baseline
              precision    recall  f1-score   support

           0     0.8906    0.9642    0.9259      5452
           1     0.2335    0.1797    0.2031       256
           2     0.6774    0.1265    0.2132       166
           3     0.5636    0.5976    0.5801       912
           4     0.3631    0.3128    0.3361       195
           5     0.2105    0.1765    0.1920       340
           6     0.5744    0.7451    0.6488      1134
           7     0.5455    0.0736    0.1297       163
           8     0.4460    0.2661    0.3333       466
           9     0.5926    0.0604    0.1096       265

    accuracy                         0.7474      9349
   macro avg     0.5097    0.3503    0.3672      9349
weighted avg     0.7262    0.7474    0.7206      9349

>>> Group: CTGAN Augmented
              precision    recall  f1-score   support

           0     0.9610    0.9224    0.9413      5452
           1     0.2103    0.2227    0.2163       256
           2     0.6562    0.1265    0.2121       166
           3     0.6112    0.5724    0.5912       912
           4     0.4595    0.2615    0.3333       195
           5     0.1569    0.3000    0.2061       340
           6     0.7719    0.6296    0.6935      1134
           7     0.2703    0.0613    0.1000       163
           8     0.2230    0.5536    0.3179       466
           9     0.3671    0.1094    0.1686       265

    accuracy                         0.7266      9349
   macro avg     0.4687    0.3760    0.3780      9349
weighted avg     0.7726    0.7266    0.7372      9349

>>> Group: QGAN Augmented
              precision    recall  f1-score   support

           0     0.9615    0.8556    0.9055      5452
           1     0.1799    0.1328    0.1528       256
           2     0.4762    0.1205    0.1923       166
           3     0.6569    0.5669    0.6086       912
           4     0.2837    0.3026    0.2928       195
           5     0.0947    0.1618    0.1194       340
           6     0.7787    0.6111    0.6848      1134
           7     0.4286    0.0736    0.1257       163
           8     0.2082    0.6545    0.3159       466
           9     0.2117    0.2453    0.2273       265

    accuracy                         0.6872      9349
   macro avg     0.4280    0.3725    0.3625      9349
weighted avg     0.7658    0.6872    0.7129      9349
